79.000396728516 107.00039672852
97.000396728516 95.000396728516
115.00039672852 103.00039672852
135.00039672852 101.00039672852
153.00039672852 95.000396728516
169.00039672852 107.00039672852
89.000396728516 123.00039672852
99.000396728516 119.00039672852
109.00039672852 123.00039672852
99.000396728516 123.00039672852
101.00039672852 123.00039672852
139.00039672852 121.00039672852
149.00039672852 119.00039672852
159.00039672852 121.00039672852
149.00039672852 121.00039672852
147.00039672852 121.00039672852
117.00039672852 117.00039672852
133.00039672852 117.00039672852
111.00039672852 139.00039672852
139.00039672852 139.00039672852
107.00039672852 147.00039672852
127.00039672852 139.00039672852
143.00039672852 147.00039672852
105.00039672852 177.00039672852
125.00039672852 167.00039672852
145.00039672852 177.00039672852
125.00039672852 179.00039672852
79.000396728516 67.000396728516
125.00039672852 59.000400543213
169.00039672852 69.000396728516
177.00039672852 131.00039672852
175.00039672852 139.00039672852
175.00039672852 147.00039672852
173.00039672852 155.00039672852
173.00039672852 161.00039672852
173.00039672852 169.00039672852
171.00039672852 175.00039672852
169.00039672852 181.00039672852
167.00039672852 189.00039672852
163.00039672852 195.00039672852
159.00039672852 199.00039672852
153.00039672852 205.00039672852
147.00039672852 209.00039672852
141.00039672852 211.00039672852
133.00039672852 213.00039672852
125.00039672852 213.00039672852
119.00039672852 213.00039672852
111.00039672852 213.00039672852
103.00039672852 211.00039672852
97.000396728516 209.00039672852
89.000396728516 207.00039672852
83.000396728516 203.00039672852
77.000396728516 199.00039672852
73.000396728516 195.00039672852
69.000396728516 189.00039672852
67.000396728516 183.00039672852
65.000396728516 175.00039672852
63.000400543213 169.00039672852
63.000400543213 161.00039672852
61.000400543213 155.00039672852
61.000400543213 147.00039672852
61.000400543213 139.00039672852
61.000400543213 133.00039672852
