87.000396728516 107.00039672852
101.00039672852 97.000396728516
117.00039672852 101.00039672852
141.00039672852 101.00039672852
157.00039672852 99.000396728516
171.00039672852 107.00039672852
95.000396728516 123.00039672852
107.00039672852 117.00039672852
115.00039672852 123.00039672852
107.00039672852 125.00039672852
107.00039672852 123.00039672852
145.00039672852 123.00039672852
153.00039672852 115.00039672852
165.00039672852 123.00039672852
157.00039672852 125.00039672852
153.00039672852 123.00039672852
123.00039672852 119.00039672852
137.00039672852 119.00039672852
119.00039672852 139.00039672852
141.00039672852 139.00039672852
115.00039672852 149.00039672852
131.00039672852 139.00039672852
145.00039672852 149.00039672852
109.00039672852 177.00039672852
129.00039672852 167.00039672852
151.00039672852 177.00039672852
129.00039672852 185.00039672852
87.000396728516 69.000396728516
129.00039672852 57.000400543213
173.00039672852 69.000396728516
185.00039672852 131.00039672852
185.00039672852 137.00039672852
185.00039672852 145.00039672852
183.00039672852 153.00039672852
183.00039672852 161.00039672852
181.00039672852 167.00039672852
179.00039672852 175.00039672852
177.00039672852 183.00039672852
175.00039672852 189.00039672852
171.00039672852 195.00039672852
167.00039672852 201.00039672852
163.00039672852 207.00039672852
157.00039672852 209.00039672852
151.00039672852 213.00039672852
143.00039672852 215.00039672852
137.00039672852 217.00039672852
131.00039672852 217.00039672852
123.00039672852 217.00039672852
117.00039672852 215.00039672852
109.00039672852 213.00039672852
103.00039672852 211.00039672852
97.000396728516 207.00039672852
91.000396728516 201.00039672852
87.000396728516 197.00039672852
83.000396728516 189.00039672852
81.000396728516 183.00039672852
79.000396728516 175.00039672852
77.000396728516 169.00039672852
75.000396728516 161.00039672852
75.000396728516 155.00039672852
73.000396728516 147.00039672852
73.000396728516 139.00039672852
73.000396728516 133.00039672852
