79.000396728516 103.00039672852
95.000396728516 95.000396728516
109.00039672852 97.000396728516
133.00039672852 97.000396728516
149.00039672852 95.000396728516
163.00039672852 105.00039672852
87.000396728516 121.00039672852
99.000396728516 115.00039672852
107.00039672852 121.00039672852
95.000396728516 125.00039672852
99.000396728516 121.00039672852
137.00039672852 121.00039672852
147.00039672852 115.00039672852
159.00039672852 121.00039672852
147.00039672852 125.00039672852
147.00039672852 121.00039672852
115.00039672852 117.00039672852
129.00039672852 119.00039672852
109.00039672852 139.00039672852
133.00039672852 139.00039672852
105.00039672852 147.00039672852
121.00039672852 137.00039672852
137.00039672852 147.00039672852
99.000396728516 175.00039672852
123.00039672852 165.00039672852
143.00039672852 177.00039672852
121.00039672852 183.00039672852
79.000396728516 65.000396728516
123.00039672852 53.000400543213
165.00039672852 67.000396728516
177.00039672852 127.00039672852
177.00039672852 133.00039672852
175.00039672852 141.00039672852
175.00039672852 149.00039672852
175.00039672852 157.00039672852
173.00039672852 165.00039672852
171.00039672852 173.00039672852
169.00039672852 179.00039672852
167.00039672852 187.00039672852
163.00039672852 193.00039672852
159.00039672852 199.00039672852
153.00039672852 205.00039672852
147.00039672852 209.00039672852
141.00039672852 211.00039672852
133.00039672852 215.00039672852
127.00039672852 215.00039672852
119.00039672852 215.00039672852
113.00039672852 215.00039672852
105.00039672852 215.00039672852
99.000396728516 211.00039672852
93.000396728516 209.00039672852
87.000396728516 205.00039672852
81.000396728516 199.00039672852
77.000396728516 193.00039672852
73.000396728516 187.00039672852
71.000396728516 179.00039672852
69.000396728516 173.00039672852
67.000396728516 165.00039672852
67.000396728516 157.00039672852
65.000396728516 151.00039672852
65.000396728516 143.00039672852
65.000396728516 135.00039672852
65.000396728516 127.00039672852
