83.000396728516 107.00039672852
101.00039672852 97.000396728516
121.00039672852 101.00039672852
141.00039672852 101.00039672852
159.00039672852 97.000396728516
173.00039672852 109.00039672852
93.000396728516 123.00039672852
105.00039672852 121.00039672852
113.00039672852 123.00039672852
105.00039672852 125.00039672852
105.00039672852 123.00039672852
145.00039672852 123.00039672852
155.00039672852 121.00039672852
165.00039672852 123.00039672852
153.00039672852 123.00039672852
153.00039672852 123.00039672852
123.00039672852 119.00039672852
137.00039672852 119.00039672852
117.00039672852 141.00039672852
143.00039672852 141.00039672852
113.00039672852 149.00039672852
131.00039672852 141.00039672852
147.00039672852 149.00039672852
109.00039672852 179.00039672852
129.00039672852 169.00039672852
149.00039672852 179.00039672852
129.00039672852 181.00039672852
85.000396728516 71.000396728516
131.00039672852 63.000400543213
173.00039672852 71.000396728516
181.00039672852 129.00039672852
181.00039672852 137.00039672852
181.00039672852 143.00039672852
181.00039672852 151.00039672852
179.00039672852 159.00039672852
177.00039672852 165.00039672852
177.00039672852 173.00039672852
175.00039672852 179.00039672852
173.00039672852 187.00039672852
169.00039672852 193.00039672852
165.00039672852 199.00039672852
161.00039672852 203.00039672852
153.00039672852 207.00039672852
147.00039672852 209.00039672852
139.00039672852 211.00039672852
133.00039672852 213.00039672852
125.00039672852 213.00039672852
117.00039672852 211.00039672852
111.00039672852 209.00039672852
103.00039672852 207.00039672852
97.000396728516 205.00039672852
91.000396728516 201.00039672852
85.000396728516 197.00039672852
79.000396728516 191.00039672852
75.000396728516 185.00039672852
73.000396728516 179.00039672852
71.000396728516 171.00039672852
69.000396728516 165.00039672852
67.000396728516 159.00039672852
67.000396728516 151.00039672852
65.000396728516 143.00039672852
65.000396728516 135.00039672852
65.000396728516 129.00039672852
