81.000396728516 111.00039672852
101.00039672852 103.00039672852
121.00039672852 107.00039672852
139.00039672852 107.00039672852
159.00039672852 103.00039672852
175.00039672852 111.00039672852
93.000396728516 121.00039672852
105.00039672852 115.00039672852
111.00039672852 121.00039672852
105.00039672852 121.00039672852
103.00039672852 121.00039672852
143.00039672852 121.00039672852
153.00039672852 115.00039672852
165.00039672852 121.00039672852
153.00039672852 121.00039672852
151.00039672852 121.00039672852
121.00039672852 121.00039672852
135.00039672852 121.00039672852
119.00039672852 145.00039672852
141.00039672852 145.00039672852
115.00039672852 151.00039672852
131.00039672852 153.00039672852
145.00039672852 151.00039672852
109.00039672852 175.00039672852
129.00039672852 173.00039672852
149.00039672852 175.00039672852
129.00039672852 183.00039672852
87.000396728516 57.000400543213
129.00039672852 55.000400543213
169.00039672852 57.000400543213
181.00039672852 117.00039672852
181.00039672852 125.00039672852
181.00039672852 133.00039672852
179.00039672852 141.00039672852
177.00039672852 149.00039672852
177.00039672852 157.00039672852
175.00039672852 165.00039672852
173.00039672852 173.00039672852
171.00039672852 181.00039672852
167.00039672852 187.00039672852
161.00039672852 195.00039672852
157.00039672852 201.00039672852
153.00039672852 205.00039672852
147.00039672852 211.00039672852
141.00039672852 215.00039672852
133.00039672852 217.00039672852
125.00039672852 217.00039672852
119.00039672852 215.00039672852
111.00039672852 213.00039672852
105.00039672852 209.00039672852
99.000396728516 205.00039672852
93.000396728516 199.00039672852
89.000396728516 193.00039672852
85.000396728516 187.00039672852
81.000396728516 179.00039672852
77.000396728516 173.00039672852
75.000396728516 165.00039672852
75.000396728516 157.00039672852
73.000396728516 149.00039672852
71.000396728516 141.00039672852
71.000396728516 133.00039672852
71.000396728516 125.00039672852
69.000396728516 117.00039672852
