83.000396728516 107.00039672852
101.00039672852 101.00039672852
121.00039672852 109.00039672852
143.00039672852 109.00039672852
161.00039672852 101.00039672852
177.00039672852 105.00039672852
95.000396728516 117.00039672852
107.00039672852 111.00039672852
119.00039672852 119.00039672852
107.00039672852 123.00039672852
107.00039672852 119.00039672852
147.00039672852 121.00039672852
155.00039672852 111.00039672852
167.00039672852 117.00039672852
159.00039672852 123.00039672852
155.00039672852 119.00039672852
123.00039672852 119.00039672852
139.00039672852 119.00039672852
121.00039672852 149.00039672852
143.00039672852 149.00039672852
117.00039672852 155.00039672852
131.00039672852 161.00039672852
145.00039672852 155.00039672852
111.00039672852 175.00039672852
131.00039672852 175.00039672852
153.00039672852 173.00039672852
131.00039672852 189.00039672852
87.000396728516 49.000400543213
131.00039672852 51.000400543213
173.00039672852 49.000400543213
187.00039672852 97.000396728516
187.00039672852 107.00039672852
185.00039672852 115.00039672852
185.00039672852 125.00039672852
185.00039672852 133.00039672852
183.00039672852 143.00039672852
181.00039672852 153.00039672852
181.00039672852 161.00039672852
177.00039672852 169.00039672852
173.00039672852 177.00039672852
169.00039672852 185.00039672852
163.00039672852 191.00039672852
159.00039672852 199.00039672852
153.00039672852 205.00039672852
147.00039672852 209.00039672852
139.00039672852 213.00039672852
131.00039672852 215.00039672852
123.00039672852 213.00039672852
117.00039672852 211.00039672852
111.00039672852 205.00039672852
105.00039672852 199.00039672852
99.000396728516 193.00039672852
95.000396728516 185.00039672852
89.000396728516 179.00039672852
87.000396728516 171.00039672852
83.000396728516 161.00039672852
81.000396728516 153.00039672852
79.000396728516 145.00039672852
79.000396728516 135.00039672852
77.000396728516 127.00039672852
75.000396728516 117.00039672852
75.000396728516 109.00039672852
73.000396728516 99.000396728516
