81.000396728516 107.00039672852
99.000396728516 101.00039672852
117.00039672852 109.00039672852
139.00039672852 109.00039672852
157.00039672852 101.00039672852
175.00039672852 105.00039672852
91.000396728516 117.00039672852
103.00039672852 111.00039672852
115.00039672852 121.00039672852
103.00039672852 123.00039672852
103.00039672852 121.00039672852
145.00039672852 121.00039672852
151.00039672852 111.00039672852
165.00039672852 117.00039672852
157.00039672852 125.00039672852
153.00039672852 121.00039672852
121.00039672852 121.00039672852
137.00039672852 121.00039672852
117.00039672852 149.00039672852
141.00039672852 149.00039672852
113.00039672852 157.00039672852
129.00039672852 161.00039672852
143.00039672852 157.00039672852
107.00039672852 175.00039672852
127.00039672852 175.00039672852
151.00039672852 175.00039672852
129.00039672852 191.00039672852
85.000396728516 47.000400543213
129.00039672852 51.000400543213
171.00039672852 47.000400543213
185.00039672852 99.000396728516
185.00039672852 107.00039672852
183.00039672852 117.00039672852
183.00039672852 127.00039672852
181.00039672852 135.00039672852
181.00039672852 145.00039672852
179.00039672852 155.00039672852
177.00039672852 163.00039672852
175.00039672852 171.00039672852
171.00039672852 179.00039672852
167.00039672852 187.00039672852
161.00039672852 195.00039672852
155.00039672852 201.00039672852
151.00039672852 207.00039672852
143.00039672852 213.00039672852
137.00039672852 215.00039672852
129.00039672852 217.00039672852
121.00039672852 217.00039672852
113.00039672852 213.00039672852
107.00039672852 207.00039672852
101.00039672852 201.00039672852
97.000396728516 195.00039672852
91.000396728516 187.00039672852
87.000396728516 179.00039672852
83.000396728516 171.00039672852
79.000396728516 163.00039672852
77.000396728516 155.00039672852
75.000396728516 145.00039672852
73.000396728516 135.00039672852
73.000396728516 127.00039672852
71.000396728516 117.00039672852
71.000396728516 107.00039672852
69.000396728516 99.000396728516
