85.000396728516 111.00039672852
103.00039672852 103.00039672852
123.00039672852 111.00039672852
139.00039672852 111.00039672852
161.00039672852 103.00039672852
177.00039672852 115.00039672852
97.000396728516 123.00039672852
107.00039672852 115.00039672852
115.00039672852 123.00039672852
107.00039672852 127.00039672852
107.00039672852 123.00039672852
147.00039672852 123.00039672852
155.00039672852 117.00039672852
167.00039672852 123.00039672852
157.00039672852 125.00039672852
155.00039672852 123.00039672852
123.00039672852 123.00039672852
139.00039672852 123.00039672852
117.00039672852 147.00039672852
143.00039672852 147.00039672852
113.00039672852 153.00039672852
129.00039672852 157.00039672852
147.00039672852 155.00039672852
107.00039672852 175.00039672852
129.00039672852 177.00039672852
155.00039672852 175.00039672852
129.00039672852 195.00039672852
93.000396728516 49.000400543213
133.00039672852 47.000400543213
175.00039672852 51.000400543213
185.00039672852 115.00039672852
183.00039672852 125.00039672852
183.00039672852 133.00039672852
181.00039672852 143.00039672852
181.00039672852 153.00039672852
181.00039672852 161.00039672852
179.00039672852 171.00039672852
177.00039672852 181.00039672852
173.00039672852 189.00039672852
169.00039672852 197.00039672852
165.00039672852 205.00039672852
161.00039672852 211.00039672852
155.00039672852 217.00039672852
149.00039672852 223.00039672852
143.00039672852 227.00039672852
135.00039672852 231.00039672852
129.00039672852 231.00039672852
121.00039672852 229.00039672852
113.00039672852 227.00039672852
107.00039672852 221.00039672852
103.00039672852 215.00039672852
97.000396728516 209.00039672852
93.000396728516 201.00039672852
89.000396728516 193.00039672852
87.000396728516 185.00039672852
83.000396728516 177.00039672852
83.000396728516 169.00039672852
81.000396728516 159.00039672852
81.000396728516 151.00039672852
81.000396728516 141.00039672852
81.000396728516 133.00039672852
81.000396728516 123.00039672852
81.000396728516 113.00039672852
