81.000396728516 109.00039672852
99.000396728516 99.000396728516
119.00039672852 107.00039672852
137.00039672852 107.00039672852
157.00039672852 99.000396728516
177.00039672852 109.00039672852
93.000396728516 121.00039672852
103.00039672852 113.00039672852
113.00039672852 121.00039672852
103.00039672852 125.00039672852
103.00039672852 121.00039672852
145.00039672852 121.00039672852
153.00039672852 113.00039672852
163.00039672852 119.00039672852
155.00039672852 125.00039672852
153.00039672852 121.00039672852
121.00039672852 121.00039672852
137.00039672852 121.00039672852
115.00039672852 145.00039672852
141.00039672852 145.00039672852
111.00039672852 153.00039672852
127.00039672852 155.00039672852
145.00039672852 153.00039672852
103.00039672852 177.00039672852
129.00039672852 177.00039672852
155.00039672852 175.00039672852
129.00039672852 195.00039672852
89.000396728516 45.000400543213
129.00039672852 41.000400543213
173.00039672852 43.000400543213
185.00039672852 111.00039672852
185.00039672852 121.00039672852
183.00039672852 131.00039672852
183.00039672852 141.00039672852
181.00039672852 151.00039672852
181.00039672852 161.00039672852
179.00039672852 171.00039672852
177.00039672852 179.00039672852
175.00039672852 189.00039672852
171.00039672852 197.00039672852
165.00039672852 205.00039672852
161.00039672852 211.00039672852
155.00039672852 217.00039672852
149.00039672852 223.00039672852
143.00039672852 229.00039672852
135.00039672852 231.00039672852
129.00039672852 233.00039672852
121.00039672852 231.00039672852
113.00039672852 229.00039672852
107.00039672852 225.00039672852
101.00039672852 219.00039672852
97.000396728516 211.00039672852
91.000396728516 205.00039672852
87.000396728516 197.00039672852
83.000396728516 189.00039672852
81.000396728516 179.00039672852
79.000396728516 171.00039672852
79.000396728516 161.00039672852
77.000396728516 151.00039672852
77.000396728516 141.00039672852
77.000396728516 133.00039672852
77.000396728516 123.00039672852
77.000396728516 113.00039672852
