83.000396728516 105.00039672852
99.000396728516 95.000396728516
119.00039672852 99.000396728516
137.00039672852 99.000396728516
155.00039672852 93.000396728516
173.00039672852 103.00039672852
91.000396728516 119.00039672852
103.00039672852 113.00039672852
115.00039672852 119.00039672852
103.00039672852 123.00039672852
103.00039672852 119.00039672852
143.00039672852 119.00039672852
151.00039672852 111.00039672852
165.00039672852 119.00039672852
155.00039672852 123.00039672852
153.00039672852 119.00039672852
119.00039672852 119.00039672852
135.00039672852 119.00039672852
115.00039672852 141.00039672852
141.00039672852 141.00039672852
111.00039672852 149.00039672852
127.00039672852 145.00039672852
145.00039672852 149.00039672852
105.00039672852 173.00039672852
127.00039672852 167.00039672852
151.00039672852 175.00039672852
129.00039672852 187.00039672852
85.000396728516 57.000400543213
127.00039672852 47.000400543213
171.00039672852 55.000400543213
185.00039672852 111.00039672852
185.00039672852 121.00039672852
185.00039672852 129.00039672852
185.00039672852 137.00039672852
185.00039672852 145.00039672852
183.00039672852 155.00039672852
181.00039672852 163.00039672852
179.00039672852 171.00039672852
177.00039672852 179.00039672852
173.00039672852 187.00039672852
169.00039672852 193.00039672852
163.00039672852 199.00039672852
157.00039672852 205.00039672852
151.00039672852 209.00039672852
143.00039672852 213.00039672852
137.00039672852 215.00039672852
129.00039672852 217.00039672852
121.00039672852 215.00039672852
113.00039672852 213.00039672852
107.00039672852 211.00039672852
101.00039672852 205.00039672852
95.000396728516 201.00039672852
89.000396728516 195.00039672852
85.000396728516 187.00039672852
81.000396728516 181.00039672852
77.000396728516 173.00039672852
75.000396728516 165.00039672852
73.000396728516 157.00039672852
73.000396728516 147.00039672852
71.000396728516 139.00039672852
71.000396728516 131.00039672852
69.000396728516 123.00039672852
69.000396728516 115.00039672852
