96.7681406537 132.652418527
117.716635955 123.120191921
141.913987706 127.542403375
163.864914971 126.262787172
186.97773592 122.534681263
205.718734461 133.135435432
111.036486125 141.796240085
122.912082273 135.277171818
134.478726004 142.495539981
122.739951934 144.393795405
122.791999817 140.800003052
171.483358923 142.162527717
182.71926108 135.669848165
194.042201482 142.129609266
182.762148515 144.017685435
182.779205322 140.800003052
144.594234925 141.145842802
163.036114397 140.991829463
140.564220072 170.971545464
168.416439439 171.356205676
136.070486617 179.04519527
156.268269215 181.884229809
172.387385075 179.029438006
128.250627207 207.065592761
152.831199984 205.76790046
177.133070303 207.37920094
152.891403167 218.109565865
100.008684808 69.5202129506
152.552500568 66.4479267531
200.209052628 70.388523776
213.536762104 140.486789225
213.571707737 149.870614277
213.058284079 159.35373737
211.93323283 168.77841384
210.417600279 178.086275184
208.793662301 187.307946791
207.029994288 196.498785367
204.769524451 205.570105534
201.672622453 214.31558905
197.588183479 222.597897313
192.693449503 230.389295405
187.170530011 237.70472872
181.233688048 244.601944103
174.700372236 250.784500923
167.082096942 255.167363073
158.609514296 257.376276414
149.783295966 257.694532511
140.998596515 256.217688415
132.679234472 253.044882529
125.169199652 248.109152292
118.263844189 242.167923585
111.705387235 235.771852773
105.669615137 228.77208773
100.238546638 221.161301257
95.6862297378 212.917614943
92.1732682517 204.145769735
89.609290968 194.982329336
87.7625241879 185.639450364
86.187241449 176.232135448
84.7005573097 166.806070281
83.4673367422 157.339965392
82.6118684736 147.800689864
82.064308945 138.287386757
