95.544789139 126.650667198
117.471538003 120.744276849
140.34593636 128.359217659
167.233733959 128.287799208
188.054694459 120.085525209
208.519639188 125.494961686
109.498629187 139.706716755
123.678408821 133.66252486
135.915300935 144.733661906
122.082401126 145.975784074
122.791999817 140.800003052
169.975074476 144.82674674
181.607545435 133.629973255
195.814148604 139.483479407
183.710942678 146.081386851
182.779205322 140.800003052
144.489254723 144.082224624
161.437497338 144.140050039
139.578497471 177.267632391
166.508627309 177.213206523
135.747009084 185.982182648
153.600664083 191.770652747
170.38619552 185.506692014
126.680368068 207.68805184
152.827208288 209.337846737
178.703329442 206.756741861
152.889165489 225.444733138
101.244896384 54.8620983373
152.123061189 59.254667119
201.216112309 54.988601081
219.470794014 116.931245954
219.15185341 128.218291831
218.583504885 139.48508601
217.683071927 150.706569943
216.430579833 161.869864419
215.081140808 172.981185226
213.522177425 184.034283581
211.278991767 194.907707214
207.946567796 205.30287356
203.333633258 214.885690878
197.678062942 223.573403
191.353408554 231.548719987
184.729128184 239.167759584
177.926586611 246.660261365
170.335903133 252.686459276
161.77730133 256.200485308
152.71461934 257.32531028
143.623743189 256.132714452
134.985358622 252.636245906
127.205283198 246.658036428
120.027330952 239.341359137
113.098073944 231.634011137
106.707830647 223.296873516
101.015455492 214.156723055
96.3606355231 204.172261279
92.9335233964 193.525233427
90.5120747025 182.477695071
88.6552460159 171.312866903
86.8702336498 160.137387354
85.0825323368 148.979557763
83.6034261221 137.756644251
82.4801881926 126.42730257
81.6584440476 115.057486515
