96.743417434 131.452320259
117.021367939 118.145161139
140.285308438 128.156329188
162.864963145 127.195657834
187.243216904 117.490439381
209.026076323 131.579573659
110.809060251 141.318444743
123.047298355 134.140217856
134.775194864 142.508894325
122.618525221 145.865365065
122.791999817 140.800003052
170.859323512 142.413867764
182.578258798 134.334728924
194.637567782 141.21046699
183.002989999 145.735901065
182.779205322 140.800003052
143.156717117 141.263169115
161.11334946 141.211527648
135.839813479 171.238483983
166.395833799 171.394342024
130.85147698 181.618049223
149.533632323 184.242164743
171.494828343 181.961823944
123.023518157 206.635347841
152.564650651 208.778323889
182.36018928 207.809445816
151.510360782 231.369491045
106.689138682 50.0617435479
153.019021482 45.1179365927
202.407815951 49.0996385015
218.98775602 131.543146586
218.338655116 143.294446568
217.592926393 155.073155835
216.718739425 166.82364325
215.710426624 178.581924348
214.655297324 190.340410445
213.245625562 202.044664753
210.889961921 213.439988742
207.315500773 224.180407907
202.495561957 233.999691283
196.768358951 242.907174349
190.486611245 251.101032298
183.827986874 258.733399678
176.898088256 265.893777152
169.407547505 271.572314963
161.261312388 274.90403235
152.771450896 276.094475163
144.266750998 275.142176267
136.13197464 272.056267318
128.815381989 266.498323064
122.286583325 259.26194701
116.070047258 251.489860883
110.114384601 243.319005018
104.615416393 234.464247447
100.006521176 224.697067031
96.646726317 214.033790953
94.5486463885 202.695743959
93.3025911367 191.089457712
92.3698671923 179.408061043
91.5391194378 167.69741978
90.8886825957 155.946415662
90.4916898953 144.143925749
90.3984236719 132.431853401
